100
6728 8290
1204 6990
9696 6152
1603 4627
3687 1927
8369 5572
599 1622
8645 1031
26 2480
8487 4938
498 7933
1260 299
9446 7311
9322 9865
1857 4033
9161 3908
8236 7669
4466 1933
7336 3216
5821 9844
435 5320
7813 3067
6378 8152
7882 3036
4070 6617
3005 5331
1708 4831
4388 4980
5904 7487
2117 8208
7648 760
7994 6716
2699 9474
8529 6930
8212 7226
5126 3176
3580 9041
6707 3173
5451 7921
8293 901
8348 2880
2961 6756
8980 5676
85 7999
1524 140
9253 6269
8056 558
2882 443
3681 8344
8528 6687
3236 7246
1154 1893
9528 7524
2961 6729
7701 4147
2681 7326
8145 198
7206 4445
4389 9934
630 9375
2586 462
9458 1771
6503 4485
7428 8955
2447 4891
1302 7562
8139 926
3324 7929
9231 308
8490 5450
7 7623
8378 9864
3761 3659
3562 9391
387 5066
1621 3439
2650 4376
870 5937
3087 1676
2824 5285
4337 8021
5619 3390
5882 6716
1697 3361
8541 9374
3298 7247
7326 1605
7916 2798
6983 4442
8178 2453
7015 359
5494 5729
5288 3743
3145 3541
3074 5109
873 8175
2607 7937
6480 2283
8255 1718
616 5304
